253 110
1 4
219 253
236 113
159 118
62 39
282 205
332 173
342 302
174 72
88 43
159 323
261 329
192 40
193 260
244 31
192 170
221 268
17 181
196 304
106 301
44 346
273 204
39 114
56 294
234 223
314 230
204 209
300 28
92 239
60 195
270 249
223 30
196 112
334 63
156 160
105 219
315 136
349 162
49 57
289 78
333 249
26 20
66 312
315 12
317 338
89 307
243 261
31 145
123 242
7 277
129 343
137 73
118 94
264 67
210 138
328 35
299 332
211 21
222 202
313 233
146 321
95 167
71 148
325 53
105 203
39 157
49 12
298 340
111 302
252 322
47 248
152 179
10 53
7 261
50 9
272 270
278 123
131 157
247 319
2 320
118 211
312 6
99 171
335 287
33 220
259 270
300 341
185 247
169 266
157 17
140 64
3 95
280 118
228 275
231 141
93 141
300 282
203 186
286 145
79 189
68 70
228 179
100 2
320 286
287 233
337 330
162 334
179 54
207 216
75 330
292 60
56 242
127 118
319 17
138 349
311 24
186 318
299 70
185 174
345 278
148 291
337 347
153 113
329 315
103 148
329 69
69 99
246 8
13 335
52 332
32 302
148 288
272 313
143 194
35 108
218 33
221 146
182 1
72 58
89 13
138 4
264 339
19 241
304 87
72 291
56 200
121 13
246 195
142 49
75 189
319 135
280 344
280 295
198 272
266 244
285 305
246 38
193 28
37 158
268 30
8 55
122 94
51 18
261 208
250 336
208 23
332 249
44 3
73 270
59 74
43 31
171 177
5 101
303 83
169 218
157 334
130 45
180 264
13 186
293 261
34 340
22 279
36 262
322 346
344 189
304 117
98 194
337 327
233 294
88 300
64 178
38 32
178 224
242 287
69 129
340 237
327 148
39 52
9 241
140 92
128 307
88 329
263 40
235 285
57 203
30 68
97 342
196 205
301 340
100 161
19 35
277 214
199 67
140 300
154 284
317 342
153 345
171 107
90 58
118 138
339 306
229 215
99 271
139 334
