9 1
8 34
18 48
19 73
10 83
7 111
13 138
13 143
2 170
9 199
2 216
12 239
4 250
18 273
2 286
6 319
1 320
18 342
0 369
11 398
4 404
15 426
16 458
8 475
3 482
16 11
36 11
59 13
69 8
89 8
110 6
130 3
157 8
169 13
199 11
203 13
238 10
255 17
260 5
282 6
301 2
329 0
349 14
362 9
381 5
413 11
439 2
447 18
473 12
489 8
488 15
495 32
499 43
493 65
496 81
493 103
485 123
486 147
496 170
493 182
486 200
491 234
497 251
494 275
483 297
483 308
496 334
497 346
487 377
480 386
481 416
493 439
491 449
485 475
496 499
1 483
38 487
42 487
63 481
94 487
108 497
122 498
157 485
166 491
185 499
200 498
229 486
240 489
267 491
282 488
305 498
339 484
355 480
369 488
392 489
402 485
423 492
457 484
474 494
481 486
