79 371
251 411
470 84
328 298
181 320
7 294
479 153
55 268
446 457
66 427
391 443
469 398
426 367
367 423
218 386
380 319
252 386
120 268
203 73
131 312
190 438
43 486
241 278
167 438
269 180
170 398
299 118
278 135
401 353
484 102
216 405
79 295
440 188
41 93
32 286
64 372
326 253
237 452
400 483
156 148
199 429
154 37
215 482
19 134
107 485
367 350
89 29
96 284
358 247
45 52
236 74
405 482
116 298
71 46
381 326
234 418
196 336
402 287
251 42
79 458
168 406
485 47
419 214
283 297
157 452
93 152
437 104
411 124
23 171
421 417
410 473
253 281
250 448
154 253
126 308
33 316
168 87
384 330
89 358
63 402
14 274
388 428
233 81
480 91
424 278
263 79
120 161
47 195
152 204
296 470
59 30
171 348
418 276
484 349
219 81
35 165
108 19
402 135
84 324
48 168
468 62
328 347
44 454
196 7
40 188
177 384
61 92
342 484
103 39
10 456
97 131
371 342
242 98
470 101
258 412
110 328
156 127
2 497
201 323
303 464
80 477
309 31
404 151
104 15
176 418
32 45
314 91
71 336
190 486
105 446
483 94
248 127
78 348
228 433
90 345
283 279
235 46
376 120
321 340
438 90
493 454
425 340
379 65
14 64
56 165
306 215
217 357
480 485
228 181
452 55
422 171
425 331
134 252
309 267
215 451
14 349
47 14
452 28
169 408
248 13
334 163
376 424
38 68
62 378
65 390
392 140
388 383
167 322
29 93
206 126
255 246
349 105
150 457
167 202
404 452
316 319
433 439
220 259
294 1
292 65
190 431
202 324
59 374
461 164
347 130
499 75
202 121
258 88
313 271
273 81
400 359
474 113
73 72
207 448
162 408
28 28
301 140
436 324
44 25
46 276
495 3
355 274
453 241
117 311
181 132
446 22
227 210
164 330
457 88
250 486
167 12
2 438
101 471
274 61
185 433
43 288
225 497
86 397
4 200
160 332
454 396
267 30
462 5
300 90
475 105
366 455
274 59
108 482
1 416
172 482
466 55
125 247
88 157
297 229
124 266
326 257
428 417
32 271
245 471
476 96
170 183
86 80
67 88
14 165
388 103
396 87
27 178
366 398
270 20
441 304
207 71
465 208
279 109
27 356
26 337
237 29
439 75
311 283
469 44
180 0
143 132
340 21
370 238
229 249
51 134
0 224
30 171
389 99
217 377
301 457
60 157
138 51
366 367
148 452
366 82
428 226
340 441
161 75
230 444
338 40
380 277
304 392
337 12
499 268
186 212
65 92
243 222
440 485
493 289
154 2
90 276
383 469
205 274
384 88
10 313
369 273
38 260
77 282
353 245
214 353
368 380
266 154
17 335
483 117
1 176
81 440
289 335
450 103
394 335
187 63
127 410
257 372
343 292
54 482
145 157
132 247
74 301
134 210
10 228
451 369
290 267
87 333
232 428
483 202
310 473
387 17
58 151
226 458
122 393
311 225
281 0
472 343
44 333
365 488
201 239
92 166
383 317
272 360
322 424
140 415
308 351
171 171
270 114
189 423
74 176
88 117
417 226
88 289
295 244
289 398
